    245.03
    245.61
    245.80
    245.98
    246.16
    246.33
    246.50
    246.66
    246.81
    246.96
    247.10
    247.24
    247.37
    247.50
    247.63
    247.75
    247.86
    247.97
    248.07
    248.18
    248.27
    248.37
    248.46
    248.54
    248.62
    248.70
    248.78
    248.85
    248.92
    248.98
    249.04
    249.10
    249.16
    249.21
    249.26
    249.31
    249.36
    249.40
    249.45
    249.49
    249.52
    249.56
    249.59
    249.63
    249.66
    249.69
    249.71
    249.74
    249.76
    249.79
    249.82
    249.86
    249.90
    249.93
    249.97
    249.99
    250.02
    250.05
    250.07
    250.09
    250.12
    250.14
    250.16
    250.18
    250.20
    250.22
    250.25
    250.27
    250.29
    250.31
    250.34
    250.36
    250.39
    250.41
    250.44
    250.46
    250.49
    250.52
    250.55
    250.58
    250.61
    250.64
    250.67
    250.70
    250.73
    250.77
    250.80
    250.84
    250.87
    250.91
    250.94
    250.98
    251.01
    251.05
    251.09
    251.12
    251.16
    251.20
    251.24
    251.27
    251.34
    251.44
    251.53
    251.63
    251.72
    251.82
    251.91
    252.00
    252.09
    252.18
    252.26
    252.34
    252.43
    252.50
    252.58
    252.66
    252.73
    252.80
    252.87
    252.93
    253.00
    253.06
    253.12
    253.18
    253.23
    253.29
    253.34
    253.40
    253.45
    253.50
    253.57
    253.67
    253.76
    253.85
    253.94
    254.03
    254.11
    254.19
    254.27
    254.35
    254.43
    254.50
    254.58
    254.65
    254.73
    254.80
    254.87
    254.94
    255.00
    255.07
    255.26
    255.52
    255.73
    255.88
    255.97
    256.02
    256.02
    256.00
    255.95
    255.89
    255.82
    255.74
    255.66
    255.59
    255.52
    255.46
    255.41
    255.38
    255.35
    255.34
